image_width: 800
image_height: 600
camera_name: ov5647_platform_soc_fe205000_i2c_i2c_22_i2c_10_10_0036ov5647_800x600
camera_matrix:
  rows: 3
  cols: 3
  data: [500.0, 0.0, 400.0, 0.0, 500.0, 300.0, 0.0, 0.0, 1.0]
distortion_model: plumb_bob
distortion_coefficients:
  rows: 1
  cols: 5
  data: [0.1, -0.05, 0.001, 0.002, 0.0]
rectification_matrix:
  rows: 3
  cols: 3
  data: [1.0, 0.0, 0.0, 0.0, 1.0, 0.0, 0.0, 0.0, 1.0]
projection_matrix:
  rows: 3
  cols: 4
  data: [500.0, 0.0, 400.0, 0.0, 0.0, 500.0, 300.0, 0.0, 0.0, 0.0, 1.0, 0.0]
